#' Complete list of palettes
#'
#' Use \code{\link{SF_palette}} to construct palettes of desired length.
#'
#' @export

SF_palettes <- list(
#Star Wars
  Hope = c("#0E0C12", "#B56432", "#50B8ED", "#3A3640", "#DEA021", "#6D6974"),
  Rogue = c("#CB9451", "#60463C", "#CBD3D8", "#7D857E", "#080403", "#CA0F2E"),
  Empire = c("#140F10",  "#3174D8", "#B0B7CE", "#36333D", "#7D857E", "#6F4C33"),
  Jedi = c("#0E0C0F", "#CA0F2E", "#3174D8", "#199B4F", "#625F63", "#40CF6B"),
  Menace = c("#27211A", "#5A689B", "#744753", "#0b9e44", "#D8B38D", "#B68C5F"),
  Clones = c("#647691", "#A9BB99", "#2A2024", "#93530B", "#FF8E1E", "#3E543F"),
  Sith = c("#D6C078", "#525252", "#A10000", "#787878", "#D90008", "#0E0C0F"),
  Force = c("#CCB361", "#A10000", "#51B6ED", "#0b9e44", "#985C18", "#D90008"),
#Jurassic Park
  Jurassic = c("#000000", "#FE0000", "#FCFC0B", "#224D31", "#385565", "#2D0E1E", "#857B2F"),
#Her
  Her = c("#9F9D64", "#B93822", "#DAA96F", "#AE9479", "#93C0C9", "#EFE2D9"),
#The Martian
  Martian = c("#DEAE66", "#7A2A1C", "#1D0E0A", "#A37E47", "#E8AF92", "#EACA97", "#3F1F14"),
#Eternal Sunshine of the Spotless Mind
  Sunshine = c("#CAD4E0", "#B4887F", "#B7ADA1", "#0F5DA5", "#51A2BF", "#271314", "#6A2423"),
#Back to the Future
  Future = c("#000000", "#B21119", "#F2DF34", "#4570AC", "#E44B04", "#3DBF33")
)



